mol_i, mol_j, whole_dissimilarity
0, 0, 0.0
0, 1, 7.158135825535705e-05
0, 2, 0.00011191207686389593
0, 3, 0.00017879051615499186
0, 4, 0.00014417793996768236
0, 5, 0.00014105987837476075
0, 6, 0.00015808148805018796
0, 7, 0.00016919848698959683
0, 8, 0.00017337593647814842
0, 9, 0.00022033792236975103
0, 10, 0.0008957466583624507
0, 11, 0.0015224379855492964
0, 12, 0.001589955370107643
0, 13, 0.0016182468210222956
0, 14, 0.0016531372690371526
0, 15, 0.001668805236200832
0, 16, 0.001673845294529519
0, 17, 0.0016758054496386343
0, 18, 0.001674498622389553
0, 19, 0.0016824731389561975
0, 20, 0.001697860063489487
0, 21, 0.0017199329936773422
0, 22, 0.002042160585346564
0, 23, 0.002094148034231691
0, 24, 0.0021289164681721484
0, 25, 0.002139283252261648
0, 26, 0.0021591691161791937
0, 27, 0.0021718971265526354
0, 28, 0.002183155580312901
0, 29, 0.002216993394128064
0, 30, 0.0022286013567935914
0, 31, 0.002365766784940826
0, 32, 0.0022561505930182024
0, 33, 0.0013320871391923061
0, 34, 0.0013705872223959137
0, 35, 0.0015652499822833565
0, 36, 0.0014612554523997234
0, 37, 0.0014543663588089117
0, 38, 0.0014460922455423741
0, 39, 0.001467260575449103
0, 40, 0.001478846867921435
0, 41, 0.0014955126475776348
0, 42, 0.0015750246752906927
0, 43, 0.0017523658948176424
0, 44, 0.0025450082159423904
0, 45, 0.0025536040028411033
0, 46, 0.00257965799169646
0, 47, 0.0026046368862658875
0, 48, 0.0026358364498078046
0, 49, 0.002670185716293627
0, 50, 0.0026893195733410646
0, 51, 0.0026959863182988153
0, 52, 0.0027075322319726203
0, 53, 0.002747829297323423
0, 54, 0.002944729627006981
0, 55, 0.0027893818438420315
0, 56, 0.0026157595077660467
0, 57, 0.002473725350127687
0, 58, 0.0025356096972404263
0, 59, 0.00257950232637405
0, 60, 0.002581695993384092
0, 61, 0.002583101428388024
0, 62, 0.002614236544462023
0, 63, 0.0027286082026438674
0, 64, 0.003984654910334062
0, 65, 0.02104479784793656
0, 66, 0.003044696240471878
0, 67, 0.0030618211367601234
0, 68, 0.003098319267573979
0, 69, 0.0031515472983276727
0, 70, 0.003175872329769236
0, 71, 0.0031812538641547983
0, 72, 0.003180886150640605
0, 73, 0.0031768399998559627
0, 74, 0.0031652553741556844
0, 75, 0.003213591195650234
0, 76, 0.0035221423693819753
0, 77, 0.002807660519270838
0, 78, 0.0028257219996085103
0, 79, 0.002857496089005762
0, 80, 0.002892245608220989
0, 81, 0.002919493810652929
0, 82, 0.0029322524729894495
0, 83, 0.002938747466084246
0, 84, 0.0029562238540534747
0, 85, 0.002999126000003627
0, 86, 0.0030241574999034793
0, 87, 0.0031956360058511546
0, 88, 0.00349137145645384
0, 89, 0.00351970683680769
0, 90, 0.0035275554990472635
0, 91, 0.003560289378103376
0, 92, 0.0035834177205636975
0, 93, 0.003587324862475594
0, 94, 0.00358630587204245
0, 95, 0.0035799981261162017
0, 96, 0.003574974161362321
0, 97, 0.0036798637432557957
0, 98, 0.004122025632904092
0, 99, 0.0030001833037072156
0, 100, 0.0030205938699892076
0, 101, 0.0030552582475920076
0, 102, 0.0030919912736649957
0, 103, 0.0031163796124986654
0, 104, 0.0031256095039070564
0, 105, 0.003129639920083971
0, 106, 0.003133732045279336
0, 107, 0.003139633007247955
0, 108, 0.0031367071031741522
0, 109, 0.003928659005684065
1, 0, 7.158135825535705e-05
1, 1, 0.0
1, 2, 6.149617603601332e-05
1, 3, 9.037348798568434e-05
1, 4, 0.0001380603760785526
1, 5, 0.00022249467853185934
1, 6, 0.0002842538726873789
1, 7, 0.0003075203968346818
1, 8, 0.00031469962850494415
1, 9, 0.00036482580820884625
1, 10, 0.0010387794451305332
1, 11, 0.0015959802652991684
1, 12, 0.0016895513240942073
1, 13, 0.0017008578912043326
1, 14, 0.0017731853731349778
1, 15, 0.001803467156021088
1, 16, 0.001811072380041745
1, 17, 0.0018134539714230735
1, 18, 0.0018122005602307922
1, 19, 0.0018200805406243248
1, 20, 0.0018354273926128872
1, 21, 0.001857292893636342
1, 22, 0.0021117142703050984
1, 23, 0.0021911087220742864
1, 24, 0.00221906055451504
1, 25, 0.002231215091383687
1, 26, 0.0022833004568807436
1, 27, 0.002308275415172645
1, 28, 0.002323038774941999
1, 29, 0.0023573868675236254
1, 30, 0.0023683019672759986
1, 31, 0.0025057742507266223
1, 32, 0.002395733580281334
1, 33, 0.0014000174180157643
1, 34, 0.0013505429552974624
1, 35, 0.0014435097482189407
1, 36, 0.0014660058077020643
1, 37, 0.0015266358085826992
1, 38, 0.0015352672522093158
1, 39, 0.0015867883092692825
1, 40, 0.0016169987530625374
1, 41, 0.0016360792399182644
1, 42, 0.0017160027153948487
1, 43, 0.0018902512090908097
1, 44, 0.0026274215315668092
1, 45, 0.002649610078334197
1, 46, 0.002691910333939007
1, 47, 0.0027228300596294774
1, 48, 0.0027598426943413745
1, 49, 0.0027986875330181515
1, 50, 0.0028209883837460037
1, 51, 0.0028291276988817726
1, 52, 0.0028411541351468506
1, 53, 0.0028804430841981032
1, 54, 0.0030778968427132014
1, 55, 0.002880668639751671
1, 56, 0.002685151423710619
1, 57, 0.002579604515001166
1, 58, 0.0026567904065303294
1, 59, 0.0027045161088163905
1, 60, 0.0027098798824304327
1, 61, 0.002711910409315621
1, 62, 0.002744787638141677
1, 63, 0.002859263581711735
1, 64, 0.004119042219813185
1, 65, 0.0211891617283545
1, 66, 0.0031475393557272024
1, 67, 0.003179305383888442
1, 68, 0.003230805735762954
1, 69, 0.0032812125993638697
1, 70, 0.0033105017479428955
1, 71, 0.0033199574130378107
1, 72, 0.003322387236475266
1, 73, 0.003319930364879542
1, 74, 0.0033100279132423083
1, 75, 0.003358590275587936
1, 76, 0.003666564847597531
1, 77, 0.0028959654198325024
1, 78, 0.0029264899241434605
1, 79, 0.0029695525253354838
1, 80, 0.0030126685774324313
1, 81, 0.003046471583604604
1, 82, 0.0030633956060880374
1, 83, 0.0030725587010601574
1, 84, 0.003092423408573297
1, 85, 0.003135887734842746
1, 86, 0.003161370522711704
1, 87, 0.003334940100873429
1, 88, 0.003604922169880065
1, 89, 0.003666717031022615
1, 90, 0.0036671673361563517
1, 91, 0.0036917855763436425
1, 92, 0.00371814816368099
1, 93, 0.0037273893843789985
1, 94, 0.003729656779941304
1, 95, 0.00372515509899618
1, 96, 0.00372118649335218
1, 97, 0.003823705223966467
1, 98, 0.004268954027533578
1, 99, 0.0030949788854397475
1, 100, 0.003131004966958062
1, 101, 0.0031754387008344764
1, 102, 0.003216387321582581
1, 103, 0.0032470660185914824
1, 104, 0.0032609314719221905
1, 105, 0.0032681968019842023
1, 106, 0.0032747541009676695
1, 107, 0.003281606220721156
1, 108, 0.003278607610666562
1, 109, 0.004071029593600839
2, 0, 0.00011191207686389593
2, 1, 6.149617603601332e-05
2, 2, 0.0
2, 3, 2.000588627593114e-05
2, 4, 3.952701817033777e-05
2, 5, 0.00011079301710181788
2, 6, 0.0001689375475965038
2, 7, 0.00019043287367492834
2, 8, 0.0001992921466220654
2, 9, 0.0002509921354038047
2, 10, 0.0009104292815793613
2, 11, 0.0016010950238709576
2, 12, 0.0016229864882839617
2, 13, 0.0016158888062187682
2, 14, 0.0016686035990441939
2, 15, 0.0016948397130794879
2, 16, 0.0017023712144152991
2, 17, 0.0017048208469779835
2, 18, 0.0017027854668599796
2, 19, 0.0017062795005169384
2, 20, 0.0017198767538656456
2, 21, 0.0017387068389501659
2, 22, 0.0021249407816125165
2, 23, 0.0021583372573994453
2, 24, 0.002125621553217938
2, 25, 0.0021304635135187544
2, 26, 0.0021767765729814315
2, 27, 0.002200559557651194
2, 28, 0.002214208506574278
2, 29, 0.002245499967495679
2, 30, 0.002253424819306682
2, 31, 0.002386077682100418
2, 32, 0.0022784654677251437
2, 33, 0.0014332005732091702
2, 34, 0.0014058570347549315
2, 35, 0.0014092495671101934
2, 36, 0.0013853955176645893
2, 37, 0.0014360272016621378
2, 38, 0.0014400206277597194
2, 39, 0.0014828142953565715
2, 40, 0.0015110525258393848
2, 41, 0.0015227502703439866
2, 42, 0.0015995157099614188
2, 43, 0.0017685218321105145
2, 44, 0.002635790454256992
2, 45, 0.0026124059560994617
2, 46, 0.0026162072133968373
2, 47, 0.0026338818696874933
2, 48, 0.002659381245188719
2, 49, 0.0026883640592249014
2, 50, 0.0027055655909631326
2, 51, 0.0027120591366275315
2, 52, 0.0027227694486396947
2, 53, 0.00275683065944321
2, 54, 0.002950144004034483
2, 55, 0.0028697710691395484
2, 56, 0.0026109675731672555
2, 57, 0.0025604159131465964
2, 58, 0.002569659154724291
2, 59, 0.002596163837370935
2, 60, 0.0025989524334281144
2, 61, 0.0026010921960626376
2, 62, 0.002631929017266388
2, 63, 0.002744834689310527
2, 64, 0.0040011967837373374
2, 65, 0.021051075493402127
2, 66, 0.003152866634612339
2, 67, 0.003154222667056228
2, 68, 0.003153797764305244
2, 69, 0.003186026024462718
2, 70, 0.0032059905475324557
2, 71, 0.003209877991105725
2, 72, 0.0032101195921863113
2, 73, 0.0032081830616791374
2, 74, 0.0031994597572905237
2, 75, 0.0032473055200193945
2, 76, 0.0035491761848618353
2, 77, 0.002890167547318856
2, 78, 0.0028821251150373817
2, 79, 0.002895242529148745
2, 80, 0.00291969672547987
2, 81, 0.002941295066099636
2, 82, 0.002951730199906244
2, 83, 0.002958143616834552
2, 84, 0.0029774393553247958
2, 85, 0.0030222076495152184
2, 86, 0.0030453200007533043
2, 87, 0.0032171402470447807
2, 88, 0.0036020952658211147
2, 89, 0.003639339880249226
2, 90, 0.003593298103568232
2, 91, 0.0035835438233244865
2, 92, 0.00360145559295022
2, 93, 0.0036049368074094756
2, 94, 0.0036046767967861104
2, 95, 0.003599217177661873
2, 96, 0.0035965445531203066
2, 97, 0.003696472887615543
2, 98, 0.004125865887495972
2, 99, 0.003094425504400644
2, 100, 0.003094338542736552
2, 101, 0.0030989822143170365
2, 102, 0.00311949502427733
2, 103, 0.0031378933632213446
2, 104, 0.003144669156013191
2, 105, 0.003148626872376714
2, 106, 0.003153863416203495
2, 107, 0.003162274815870836
2, 108, 0.003159980334979995
2, 109, 0.003940692967422166
3, 0, 0.00017879051615499186
3, 1, 9.037348798568434e-05
3, 2, 2.000588627593114e-05
3, 3, 1.1102230246251565e-16
3, 4, 4.1156074701675927e-05
3, 5, 0.0001535888641449601
3, 6, 0.0002294709315351362
3, 7, 0.0002532383553806028
3, 8, 0.0002629241389093817
3, 9, 0.00031446284202019115
3, 10, 0.0009748053657698819
3, 11, 0.0016617931546373255
3, 12, 0.0016824591679476253
3, 13, 0.0016691132659923946
3, 14, 0.0017251183961388694
3, 15, 0.0017525156932649555
3, 16, 0.0017603050444701118
3, 17, 0.0017629027039318679
3, 18, 0.0017607958528984557
3, 19, 0.0017636985331045407
3, 20, 0.0017770863894459588
3, 21, 0.0017954799642431185
3, 22, 0.002185588989870868
3, 23, 0.00221998618208219
3, 24, 0.0021789443670801045
3, 25, 0.0021822274008992393
3, 26, 0.002234163881349671
3, 27, 0.002260121324186959
3, 28, 0.0022743348512695993
3, 29, 0.0023047459710462403
3, 30, 0.0023109026449117387
3, 31, 0.0024427234880504134
3, 32, 0.0023355855069324694
3, 33, 0.0014912337340134973
3, 34, 0.0014390344210173378
3, 35, 0.001382093258396555
3, 36, 0.0013889222930694167
3, 37, 0.00146610686070614
3, 38, 0.0014778923612783768
3, 39, 0.0015343384911895575
3, 40, 0.0015714602284639945
3, 41, 0.0015820586191699348
3, 42, 0.0016578888191589591
3, 43, 0.0018254495290841444
3, 44, 0.002694717397111468
3, 45, 0.002670591062953309
3, 46, 0.0026739249583059843
3, 47, 0.002691143829357312
3, 48, 0.00271634972685042
3, 49, 0.0027446310758246772
3, 50, 0.0027614459107460076
3, 51, 0.0027677346347039222
3, 52, 0.002778388234734863
3, 53, 0.0028118668762470156
3, 54, 0.0030040277725026376
3, 55, 0.002942716079528118
3, 56, 0.0026645983482477265
3, 57, 0.0026274995613008167
3, 58, 0.0026346663389297253
3, 59, 0.002657716687219258
3, 60, 0.002661052199473879
3, 61, 0.0026635628396338706
3, 62, 0.0026942685983961656
3, 63, 0.0028060194963714924
3, 64, 0.004061913116883864
3, 65, 0.021107987567014597
3, 66, 0.0032168549773308186
3, 67, 0.0032191283286009398
3, 68, 0.0032176810949563484
3, 69, 0.0032457014501281467
3, 70, 0.0032650478083238177
3, 71, 0.0032686441742735273
3, 72, 0.0032688363683424093
3, 73, 0.003266973089821379
3, 74, 0.003258631892671282
3, 75, 0.0033065127379930948
3, 76, 0.0036078729952891964
3, 77, 0.0029509850607035704
3, 78, 0.0029426803905858723
3, 79, 0.0029551530361632272
3, 80, 0.0029785287166383956
3, 81, 0.002999371864730538
3, 82, 0.0030093800386744585
3, 83, 0.003015645597737371
3, 84, 0.003034956703723446
3, 85, 0.00307981733758822
3, 86, 0.00310274208818051
3, 87, 0.0032730410797395804
3, 88, 0.0036739315713113507
3, 89, 0.003717044715810469
3, 90, 0.003666047705237596
3, 91, 0.0036489497085471223
3, 92, 0.003666111475796985
3, 93, 0.0036699465179226287
3, 94, 0.003670090915010027
3, 95, 0.003664832345008362
3, 96, 0.0036617870310721168
3, 97, 0.0037602037402328925
3, 98, 0.004188822011553794
3, 99, 0.0031592395890837066
3, 100, 0.003160096940338031
3, 101, 0.003163867835386802
3, 102, 0.0031821147162888197
3, 103, 0.003199900814295553
3, 104, 0.0032065260809821527
3, 105, 0.003210607786709896
3, 106, 0.0032159271235518982
3, 107, 0.0032242325499833857
3, 108, 0.0032220537506810754
3, 109, 0.004001043346838262
4, 0, 0.00014417793996768236
4, 1, 0.0001380603760785526
4, 2, 3.952701817033777e-05
4, 3, 4.1156074701675927e-05
4, 4, 0.0
4, 5, 4.509984451606108e-05
4, 6, 0.00010114766052238267
4, 7, 0.0001223604433295833
4, 8, 0.0001320185136419738
4, 9, 0.00018252070867386117
4, 10, 0.0008443210766003739
4, 11, 0.0016115394506041048
4, 12, 0.0015960503753446043
4, 13, 0.0015891254565479906
4, 14, 0.00160709390221625
4, 15, 0.0016227565551610867
4, 16, 0.0016291393816307842
4, 17, 0.0016316847310068328
4, 18, 0.0016295943520547862
4, 19, 0.0016323445878394516
4, 20, 0.0016457199600987682
4, 21, 0.0016638602734887487
4, 22, 0.0021408984719273327
4, 23, 0.0021392226545214887
4, 24, 0.002094771206755608
4, 25, 0.00209160759652105
4, 26, 0.0021142184807257935
4, 27, 0.0021307170618994897
4, 28, 0.0021430469469662095
4, 29, 0.0021726776004529214
4, 30, 0.0021772419135713816
4, 31, 0.002308770336867383
4, 32, 0.002201615125447698
4, 33, 0.0014510486412592227
4, 34, 0.001449540113845793
4, 35, 0.001447613066323794
4, 36, 0.0013493190241776754
4, 37, 0.0013793736095224496
4, 38, 0.0013790281037658891
4, 39, 0.0014115979630477948
4, 40, 0.001440033550048403
4, 41, 0.0014484634578415534
4, 42, 0.0015234996041761928
4, 43, 0.0016915773053213234
4, 44, 0.002639405862777555
4, 45, 0.0025968434464088697
4, 46, 0.002576047486504418
4, 47, 0.0025841183992558747
4, 48, 0.0026012071424814653
4, 49, 0.0026226039870042017
4, 50, 0.002634603004839753
4, 51, 0.002638368715724315
4, 52, 0.0026477567965464965
4, 53, 0.0026808076301836348
4, 54, 0.0028719471338644054
4, 55, 0.002889819078273126
4, 56, 0.0026020964284394488
4, 57, 0.0025427817663922214
4, 58, 0.00252400855427104
4, 59, 0.0025371422905636765
4, 60, 0.0025369389597189596
4, 61, 0.0025390397579458934
4, 62, 0.002567412299850136
4, 63, 0.002678447056640554
4, 64, 0.003932051284975646
4, 65, 0.02098302265410934
4, 66, 0.0031493373685498316
4, 67, 0.003131621275830665
4, 68, 0.003109269928745717
4, 69, 0.0031338910925567953
4, 70, 0.0031456256137954997
4, 71, 0.0031436110883565904
4, 72, 0.0031400605274742865
4, 73, 0.0031360728517147995
4, 74, 0.0031256326562010273
4, 75, 0.0031728803546005047
4, 76, 0.003474325835474801
4, 77, 0.0028870983946278628
4, 78, 0.0028605505294625466
4, 79, 0.0028563093194147182
4, 80, 0.00286747659267661
4, 81, 0.0028791320491031724
4, 82, 0.0028833614574167443
4, 83, 0.0028859937864257335
4, 84, 0.0029020050361331373
4, 85, 0.0029460906408179666
4, 86, 0.0029679555045563077
4, 87, 0.0031362091119945257
4, 88, 0.003589773990235523
4, 89, 0.003597301529023933
4, 90, 0.0035451887891867484
4, 91, 0.003528481393752503
4, 92, 0.0035397069164536665
4, 93, 0.0035371572716788036
4, 94, 0.0035334858422344517
4, 95, 0.0035259317192909423
4, 96, 0.0035208607967569527
4, 97, 0.0036206827724970525
4, 98, 0.004044741124667572
4, 99, 0.0030928923755926263
4, 100, 0.0030723007775909084
4, 101, 0.003061301553655027
4, 102, 0.0030706156950889296
4, 103, 0.003079332942609536
4, 104, 0.003079756994295302
4, 105, 0.003079687656675767
4, 106, 0.003081628487901167
4, 107, 0.003088312140099636
4, 108, 0.0030863281934452313
4, 109, 0.0038645002154733543
5, 0, 0.00014105987837476075
5, 1, 0.00022249467853185934
5, 2, 0.00011079301710181788
5, 3, 0.0001535888641449601
5, 4, 4.509984451606108e-05
5, 5, 0.0
5, 6, 1.5653844275931306e-05
5, 7, 2.9512811227205837e-05
5, 8, 3.825232818865931e-05
5, 9, 8.71727150230095e-05
5, 10, 0.0007505891354062655
5, 11, 0.0015944444507889344
5, 12, 0.0015525048113839146
5, 13, 0.001555647327607601
5, 14, 0.001534997405550409
5, 15, 0.0015328173757672703
5, 16, 0.0015354120281004802
5, 17, 0.0015371468561461432
5, 18, 0.0015349408185880709
5, 19, 0.0015377827072130534
5, 20, 0.0015512232730798825
5, 21, 0.0015693638989691117
5, 22, 0.002129643404380044
5, 23, 0.0021027502839096046
5, 24, 0.002055933383918962
5, 25, 0.0020498322298646565
5, 26, 0.002041213333095815
5, 27, 0.002043384665118775
5, 28, 0.002051052676835252
5, 29, 0.002079017915915138
5, 30, 0.0020818648925601257
5, 31, 0.0022133269657488297
5, 32, 0.0021060401047546806
5, 33, 0.0014465992390072513
5, 34, 0.001500359939743512
5, 35, 0.001572698858883892
5, 36, 0.0013850791957877862
5, 37, 0.0013522893375816913
5, 38, 0.0013333985665732184
5, 39, 0.0013365576504769106
5, 40, 0.0013482600960268432
5, 41, 0.0013533902159851285
5, 42, 0.0014275753995262042
5, 43, 0.0015976963658296262
5, 44, 0.0026183985339943705
5, 45, 0.0025608927435036843
5, 46, 0.002519049155074393
5, 47, 0.00251833036985738
5, 48, 0.00252692474299987
5, 49, 0.0025405015005270926
5, 50, 0.002546454953020749
5, 51, 0.00254678979687073
5, 52, 0.0025543395439628913
5, 53, 0.0025870229787147148
5, 54, 0.00277766146736369
5, 55, 0.002873849526297212
5, 56, 0.0025787591110705277
5, 57, 0.002501149887470966
5, 58, 0.002458228694066311
5, 59, 0.002461395290799029
5, 60, 0.0024568713312803636
5, 61, 0.0024584260668162328
5, 62, 0.0024841320542714485
5, 63, 0.002594863260635516
5, 64, 0.0038455876667450317
5, 65, 0.02089992443534927
5, 66, 0.0031196040666917613
5, 67, 0.0030850282586575295
5, 68, 0.0030429710776559427
5, 69, 0.0030649580012772626
5, 70, 0.003068699802435071
5, 71, 0.003060168437174826
5, 72, 0.003051838962888076
5, 73, 0.0030448908266850205
5, 74, 0.003031053792181493
5, 75, 0.00307703996587394
5, 76, 0.0033788908001988194
5, 77, 0.002862766103654768
5, 78, 0.0028213167661907956
5, 79, 0.0028023673458067444
5, 80, 0.0028018489869164886
5, 81, 0.0028038857252689064
5, 82, 0.002801458772422105
5, 83, 0.00279950062924772
5, 84, 0.00281085894226063
5, 85, 0.002853722862935726
5, 86, 0.0028738446906237947
5, 87, 0.0030414857034465337
5, 88, 0.003547092733441448
5, 89, 0.0035201080136444407
5, 90, 0.0034678678576017807
5, 91, 0.003453165228677557
5, 92, 0.003458145139873192
5, 93, 0.0034480446378152285
5, 94, 0.003439388392319387
5, 95, 0.003428604928751966
5, 96, 0.0034207557490603113
5, 97, 0.0035236973314540787
5, 98, 0.003942203472231065
5, 99, 0.0030646452897364895
5, 100, 0.0030261364433782356
5, 101, 0.0030017363622579785
5, 102, 0.0030026032036294392
5, 103, 0.003001746441266162
5, 104, 0.0029948925579303953
5, 105, 0.002989401107418632
5, 106, 0.0029865243737307035
5, 107, 0.002990826924371026
5, 108, 0.0029890296130058447
5, 109, 0.0037671074780648572
6, 0, 0.00015808148805018796
6, 1, 0.0002842538726873789
6, 2, 0.0001689375475965038
6, 3, 0.0002294709315351362
6, 4, 0.00010114766052238267
6, 5, 1.5653844275931306e-05
6, 6, 1.1102230246251565e-16
6, 7, 3.477619146874389e-06
6, 8, 9.683642994029462e-06
6, 9, 5.61421687433894e-05
6, 10, 0.0007216269869331216
6, 11, 0.0016113160394526371
6, 12, 0.0015586155318239037
6, 13, 0.0015678652327841824
6, 14, 0.0015282826033505836
6, 15, 0.0015137983590030046
6, 16, 0.0015128281352344564
6, 17, 0.0015135894343700773
6, 18, 0.0015111931073282792
6, 19, 0.0015141684176003256
6, 20, 0.0015276023642908365
6, 21, 0.001545926785175178
6, 22, 0.0021497612152270307
6, 23, 0.0021138261995578
6, 24, 0.002064994975668588
6, 25, 0.0020583411335725055
6, 26, 0.002034773500025122
6, 27, 0.0020276129227554396
6, 28, 0.002031097650787461
6, 29, 0.0020572257858730847
6, 30, 0.0020585590564000666
6, 31, 0.00218997370654872
6, 32, 0.0020827365317904745
6, 33, 0.001468526359778899
6, 34, 0.0015542939985847548
6, 35, 0.001661327911809951
6, 36, 0.001437798794004519
6, 37, 0.0013716912980255014
6, 38, 0.0013433340685424788
6, 39, 0.0013312378272167802
6, 40, 0.0013299925699294946
6, 41, 0.001331104389812876
6, 42, 0.0014041687009209713
6, 43, 0.0015771226554349704
6, 44, 0.0026331122154636954
6, 45, 0.0025692180288192645
6, 46, 0.0025180082955585936
6, 47, 0.002512999422864981
6, 48, 0.0025171634266957232
6, 49, 0.0025262414425920587
6, 50, 0.002528437927880267
6, 51, 0.002526493728167045
6, 52, 0.0025327999692856817
6, 53, 0.0025653946299042385
6, 54, 0.002755811910885253
6, 55, 0.002887154393680924
6, 56, 0.0025861057117113617
6, 57, 0.0025003701907390097
6, 58, 0.0024456214663698406
6, 59, 0.0024432299533871937
6, 60, 0.002436269874822261
6, 61, 0.002437585801538633
6, 62, 0.002461918865982793
6, 63, 0.0025728419361679133
6, 64, 0.003822492926152443
6, 65, 0.02087817121515667
6, 66, 0.003132090698314993
6, 67, 0.003090170612051857
6, 68, 0.00303858109730204
6, 69, 0.0030591643832190707
6, 70, 0.0030586497464638596
6, 71, 0.0030462807034785655
6, 72, 0.0030349563843606875
6, 73, 0.0030260280007272655
6, 74, 0.0030098732896667313
6, 75, 0.0030550207350167335
6, 76, 0.003357303127921596
6, 77, 0.0028761153110993254
6, 78, 0.0028280671072389296
6, 79, 0.002802420512452386
6, 80, 0.002796128570739076
6, 81, 0.0027929665831355477
6, 82, 0.002786619318165151
6, 83, 0.00278177260632706
6, 84, 0.002790019683991951
6, 85, 0.0028320001725519184
6, 86, 0.0028510599323402497
6, 87, 0.0030190038711409573
6, 88, 0.0035653382097157182
6, 89, 0.0035218071379418125
6, 90, 0.003469586197720198
6, 91, 0.00345550922665272
6, 92, 0.00345728367585596
6, 93, 0.0034428539735893438
6, 94, 0.003431182231650398
6, 95, 0.003418334152368141
6, 96, 0.0034084867378118
6, 97, 0.0035135385899656146
6, 98, 0.0039291343303731185
6, 99, 0.0030788643335791788
6, 100, 0.003032507910847415
6, 101, 0.0030018957976024607
6, 102, 0.0029984222252865678
6, 103, 0.002992395787679736
6, 104, 0.002981308477705391
6, 105, 0.0029724566766539118
6, 106, 0.0029664014950716577
6, 107, 0.002969008217294733
6, 108, 0.0029673450663274537
6, 109, 0.003745255590251295
7, 0, 0.00016919848698959683
7, 1, 0.0003075203968346818
7, 2, 0.00019043287367492834
7, 3, 0.0002532383553806028
7, 4, 0.0001223604433295833
7, 5, 2.9512811227205837e-05
7, 6, 3.477619146874389e-06
7, 7, 0.0
7, 8, 2.750048115340853e-06
7, 9, 4.475222730171424e-05
7, 10, 0.0007123655514050808
7, 11, 0.0016168363532947927
7, 12, 0.0015611095152152643
7, 13, 0.0015713267125399
7, 14, 0.0015261405235488246
7, 15, 0.0015072039987978902
7, 16, 0.0015045562934967727
7, 17, 0.0015047261320690897
7, 18, 0.0015021400595353063
7, 19, 0.001505190083779806
7, 20, 0.0015180893559736397
7, 21, 0.001536564343886826
7, 22, 0.002156881051018633
7, 23, 0.0021189663285563487
7, 24, 0.002068244770671912
7, 25, 0.0020614242814672723
7, 26, 0.002034058442919706
7, 27, 0.002023815137647822
7, 28, 0.0020251681794983822
7, 29, 0.0020494466020333224
7, 30, 0.0020490157322694547
7, 31, 0.0021803741036519053
7, 32, 0.0020731544346235253
7, 33, 0.0014784361982890237
7, 34, 0.0015730143815514408
7, 35, 0.0016863403042812752
7, 36, 0.001455511461538328
7, 37, 0.0013809642818004564
7, 38, 0.001350180281679103
7, 39, 0.0013343230198593625
7, 40, 0.0013278571984860488
7, 41, 0.001324774739774548
7, 42, 0.001395422431159421
7, 43, 0.0015705674511734546
7, 44, 0.0026386021190693
7, 45, 0.002572720495394254
7, 46, 0.0025186123466864885
7, 47, 0.002512043123724439
7, 48, 0.002514539995226661
7, 49, 0.002521653855359185
7, 50, 0.002522100198913302
7, 51, 0.0025189069530369146
7, 52, 0.0025245017350021826
7, 53, 0.002557236561464782
7, 54, 0.002747403375450208
7, 55, 0.002893517950179003
7, 56, 0.002585918181594704
7, 57, 0.002501561943582309
7, 58, 0.002442913631308552
7, 59, 0.0024376688748554143
7, 60, 0.0024299908009931537
7, 61, 0.0024313779433597915
7, 62, 0.002455106630149806
7, 63, 0.0025655953782034446
7, 64, 0.0038149416126193048
7, 65, 0.02087515126483619
7, 66, 0.0031360730642416845
7, 67, 0.0030923147153857355
7, 68, 0.0030377563423182874
7, 69, 0.0030571264980725488
7, 70, 0.003054900426694762
7, 71, 0.003040921078388159
7, 72, 0.0030282545847385434
7, 73, 0.003018325840175584
7, 74, 0.003001161875286984
7, 75, 0.003045722208420032
7, 76, 0.0033479781510834528
7, 77, 0.0028804472330238307
7, 78, 0.002830563539868214
7, 79, 0.0028028653250905533
7, 80, 0.0027945531058792827
7, 81, 0.002789407588956072
7, 82, 0.0027814056399311227
7, 83, 0.0027752373680568487
7, 84, 0.002781898704100616
7, 85, 0.002823332506961984
7, 86, 0.002841904412899998
7, 87, 0.003009680413461835
7, 88, 0.003571160141497054
7, 89, 0.0035235743450082735
7, 90, 0.003470805203168559
7, 91, 0.003455708567507876
7, 92, 0.0034560676343118324
7, 93, 0.0034400407313029957
7, 94, 0.0034272708827600695
7, 95, 0.0034135666670523923
7, 96, 0.0034023165894522256
7, 97, 0.0035073773644765938
7, 98, 0.003922500643213089
7, 99, 0.0030838289525779716
7, 100, 0.003035458355683085
7, 101, 0.0030028584084091925
7, 102, 0.0029976440824257544
7, 103, 0.0029896620553455655
7, 104, 0.0029768810274436452
7, 105, 0.002966631635919259
7, 106, 0.002959087453811682
7, 107, 0.002960700805473393
7, 108, 0.002959212828596458
7, 109, 0.003736620250088918
8, 0, 0.00017337593647814842
8, 1, 0.00031469962850494415
8, 2, 0.0001992921466220654
8, 3, 0.0002629241389093817
8, 4, 0.0001320185136419738
8, 5, 3.825232818865931e-05
8, 6, 9.683642994029462e-06
8, 7, 2.750048115340853e-06
8, 8, 0.0
8, 9, 3.524611514493792e-05
8, 10, 0.0007082378955467483
8, 11, 0.0016151762390007596
8, 12, 0.0015587982888238816
8, 13, 0.0015691631293537345
8, 14, 0.0015228759428772554
8, 15, 0.001503004176342193
8, 16, 0.001499953073262783
8, 17, 0.0014999247817246708
8, 18, 0.0014973538300799838
8, 19, 0.0015015312887920462
8, 20, 0.001512575076119016
8, 21, 0.001531652378429893
8, 22, 0.002154063394520067
8, 23, 0.002115927398221751
8, 24, 0.0020659491718881817
8, 25, 0.0020591944622294633
8, 26, 0.002031101924085177
8, 27, 0.0020200041764310006
8, 28, 0.002019622223576989
8, 29, 0.002041188384226067
8, 30, 0.00204048415357172
8, 31, 0.0021724489161936145
8, 32, 0.002064895785893306
8, 33, 0.0014812315649060936
8, 34, 0.0015776726121092821
8, 35, 0.0016937268333805378
8, 36, 0.0014616271765496291
8, 37, 0.0013854091506801947
8, 38, 0.0013541818449829268
8, 39, 0.0013377777829636228
8, 40, 0.0013296344327368148
8, 41, 0.0013231740307619866
8, 42, 0.0013897347380524838
8, 43, 0.0015701336017033274
8, 44, 0.002635897381221941
8, 45, 0.0025698332856337602
8, 46, 0.0025150778469122947
8, 47, 0.0025081389150023448
8, 48, 0.0025103175661811417
8, 49, 0.0025170797174488557
8, 50, 0.0025171600723128407
8, 51, 0.0025135828838676044
8, 52, 0.002518998157078567
8, 53, 0.0025523015791379944
8, 54, 0.002743542851520675
8, 55, 0.0028931455707259524
8, 56, 0.002582237777823515
8, 57, 0.0024967847425085843
8, 58, 0.0024376554068478162
8, 59, 0.0024322342760386695
8, 60, 0.0024246367114217904
8, 61, 0.0024262286478160533
8, 62, 0.002449857655240417
8, 63, 0.00255983995786091
8, 64, 0.0038093366693008335
8, 65, 0.020878957674385745
8, 66, 0.003131659512911278
8, 67, 0.0030874758723601348
8, 68, 0.003032663314877726
8, 69, 0.0030523925169446686
8, 70, 0.0030498545520678544
8, 71, 0.0030354961102918576
8, 72, 0.0030224884603676783
8, 73, 0.0030122046417694337
8, 74, 0.002995082294896201
8, 75, 0.0030388505837948276
8, 76, 0.003339304226261941
8, 77, 0.002876467716345199
8, 78, 0.0028263232566656527
8, 79, 0.0027983632618777676
8, 80, 0.002789884502281681
8, 81, 0.0027844891400766736
8, 82, 0.0027762039147358752
8, 83, 0.0027697246762746763
8, 84, 0.00277590633691549
8, 85, 0.002817208187651077
8, 86, 0.0028361811031679673
8, 87, 0.0030036719836027403
8, 88, 0.0035666257276525393
8, 89, 0.003517842941590854
8, 90, 0.0034657839487800546
8, 91, 0.0034513738858640286
8, 92, 0.003451491927317085
8, 93, 0.0034350819428482504
8, 94, 0.0034221321844440933
8, 95, 0.0034082624559588215
8, 96, 0.0033963422010686584
8, 97, 0.003500445040812039
8, 98, 0.003918974003540687
8, 99, 0.003079727559968548
8, 100, 0.0030310165337331663
8, 101, 0.00299837627683075
8, 102, 0.0029932225050023353
8, 103, 0.00298489418404313
8, 104, 0.0029717903125257017
8, 105, 0.0029612476158783485
8, 106, 0.002953372091871964
8, 107, 0.0029549500764662895
8, 108, 0.002953851824797793
8, 109, 0.0037306263164836873
9, 0, 0.00022033792236975103
9, 1, 0.00036482580820884625
9, 2, 0.0002509921354038047
9, 3, 0.00031446284202019115
9, 4, 0.00018252070867386117
9, 5, 8.71727150230095e-05
9, 6, 5.61421687433894e-05
9, 7, 4.475222730171424e-05
9, 8, 3.524611514493792e-05
9, 9, 0.0
9, 10, 0.0005774884300060457
9, 11, 0.0016479736499667164
9, 12, 0.0015903413834335023
9, 13, 0.0015992717002166756
9, 14, 0.0015494994231017856
9, 15, 0.0015263591925860354
9, 16, 0.001521691631206079
9, 17, 0.0015208083661866212
9, 18, 0.0015174595541310731
9, 19, 0.0015204800166579435
9, 20, 0.0015162189388407965
9, 21, 0.0015292216711709772
9, 22, 0.0021785375405208862
9, 23, 0.0021366413008412355
9, 24, 0.0020796261971514074
9, 25, 0.002072553891082407
9, 26, 0.0020437070881491604
9, 27, 0.0020306404080777662
9, 28, 0.002022638319335135
9, 29, 0.002019775881942687
9, 30, 0.002015385371491152
9, 31, 0.002127684053906065
9, 32, 0.002037809023196835
9, 33, 0.0015212170506549993
9, 34, 0.0016185656884737387
9, 35, 0.0017328730701314798
9, 36, 0.0015008049601177298
9, 37, 0.0014242170199605386
9, 38, 0.0013927586178817952
9, 39, 0.0013760778099047855
9, 40, 0.0013664763266233448
9, 41, 0.0013488839673418962
9, 42, 0.0013826470895195175
9, 43, 0.0015842167163133691
9, 44, 0.0026567249501111556
9, 45, 0.002587540171727687
9, 46, 0.0025284955039382995
9, 47, 0.002519110910379596
9, 48, 0.002516506974470367
9, 49, 0.0025184613402613465
9, 50, 0.0025144719235197233
9, 51, 0.0025077245599812725
9, 52, 0.0025090722124869735
9, 53, 0.0025349978164362907
9, 54, 0.002694168402723407
9, 55, 0.002912297656763929
9, 56, 0.002591809688194613
9, 57, 0.0025101113839693934
9, 58, 0.0024439214934971476
9, 59, 0.002432845595151001
9, 60, 0.0024246333306283674
9, 61, 0.002427318511142973
9, 62, 0.002448731209223287
9, 63, 0.002550517952851883
9, 64, 0.0037903199341844385
9, 65, 0.020887114129672257
9, 66, 0.0031460539477927707
9, 67, 0.0030985293263025016
9, 68, 0.003039123767169194
9, 69, 0.003056606084699376
9, 70, 0.0030514245812680585
9, 71, 0.003035438344236585
9, 72, 0.003021746047961682
9, 73, 0.0030113617316430696
9, 74, 0.0029952637292263162
9, 75, 0.003029795597761731
9, 76, 0.0033039522701018287
9, 77, 0.0028916190590707602
9, 78, 0.0028385110364972377
9, 79, 0.0028067756237648567
9, 80, 0.0027942395712446944
9, 81, 0.0027844062901839495
9, 82, 0.0027727793687125635
9, 83, 0.0027640293234312274
9, 84, 0.0027672639113600628
9, 85, 0.0028112119205814246
9, 86, 0.0028186351224027684
9, 87, 0.002966059832112955
9, 88, 0.0035788687046264256
9, 89, 0.0035232451364944906
9, 90, 0.003470508859795274
9, 91, 0.0034535172162100114
9, 92, 0.0034518372328168345
9, 93, 0.003434474936023779
9, 94, 0.0034216556032624634
9, 95, 0.0034082529648993276
9, 96, 0.0033931883242889205
9, 97, 0.0034733507408595266
9, 98, 0.003861253744421367
9, 99, 0.003093853658669765
9, 100, 0.00304192700290018
9, 101, 0.003006053949636267
9, 102, 0.002998174824077604
9, 103, 0.002986482321007067
9, 104, 0.0029711212594342173
9, 105, 0.002959423918121429
9, 106, 0.0029506871214159958
9, 107, 0.0029545898510350277
9, 108, 0.002959813534579081
9, 109, 0.0036840545519131185
10, 0, 0.0008957466583624507
10, 1, 0.0010387794451305332
10, 2, 0.0009104292815793613
10, 3, 0.0009748053657698819
10, 4, 0.0008443210766003739
10, 5, 0.0007505891354062655
10, 6, 0.0007216269869331216
10, 7, 0.0007123655514050808
10, 8, 0.0007082378955467483
10, 9, 0.0005774884300060457
10, 10, 0.0
10, 11, 0.0023670795693699898
10, 12, 0.0023118166928320916
10, 13, 0.0023198743334982286
10, 14, 0.0022699964828597485
10, 15, 0.0022473461789492832
10, 16, 0.0022428371018023974
10, 17, 0.0022415525123226088
10, 18, 0.0022357072822493107
10, 19, 0.0022280856799359317
10, 20, 0.0021976965853021113
10, 21, 0.0021932756548010968
10, 22, 0.002866818741008359
10, 23, 0.00282524724521116
10, 24, 0.0027584203302547516
10, 25, 0.002750046317336441
10, 26, 0.0027199742115331382
10, 27, 0.0027036084244195235
10, 28, 0.0026848889769535145
10, 29, 0.0026287292747320112
10, 30, 0.0025829834679633734
10, 31, 0.0025865620350580265
10, 32, 0.00258160497941351
10, 33, 0.002211796368268515
10, 34, 0.0023111133960217467
10, 35, 0.0024221944484590363
10, 36, 0.002191566419490476
10, 37, 0.002115523612388981
10, 38, 0.0020844120993207538
10, 39, 0.0020681490845523287
10, 40, 0.0020593260148917825
10, 41, 0.002041352890907344
10, 42, 0.002031267246718982
10, 43, 0.0022661941970835153
10, 44, 0.0033075270324663952
10, 45, 0.003231802015734364
10, 46, 0.003168837369062927
10, 47, 0.0031554345616721102
10, 48, 0.003140929063568776
10, 49, 0.003134296363135891
10, 50, 0.0031269533768307767
10, 51, 0.0031184945298792233
10, 52, 0.003111188085134442
10, 53, 0.0031069963286576296
10, 54, 0.0031310792225045514
10, 55, 0.0035433913667440864
10, 56, 0.003244362790309374
10, 57, 0.0031571805563234134
10, 58, 0.0030781668916515237
10, 59, 0.003064311822918886
10, 60, 0.003052240426615671
10, 61, 0.003056872909278474
10, 62, 0.0030792780741856207
10, 63, 0.0031830414944669094
10, 64, 0.004472684858265574
10, 65, 0.02185337562698053
10, 66, 0.003792299436856439
10, 67, 0.003738379866707997
10, 68, 0.0036682405528621898
10, 69, 0.0036829472321194823
10, 70, 0.0036765431066376753
10, 71, 0.003662670172513982
10, 72, 0.003654173163456065
10, 73, 0.003652133886582587
10, 74, 0.003643647164104147
10, 75, 0.003662368793465931
10, 76, 0.0038561147623017433
10, 77, 0.0035347561348920697
10, 78, 0.003476291612768301
10, 79, 0.0034371615641939357
10, 80, 0.0034157679710107303
10, 81, 0.003397717350680285
10, 82, 0.0033827778090349536
10, 83, 0.003374616413195586
10, 84, 0.0033805981205883295
10, 85, 0.0034367239739192534
10, 86, 0.003409491380471974
10, 87, 0.0034801853712621567
10, 88, 0.004228773868570568
10, 89, 0.004158980148557534
10, 90, 0.004104628261128451
10, 91, 0.004082799489793731
10, 92, 0.004081105558706222
10, 93, 0.004065957194068215
10, 94, 0.004056592928682323
10, 95, 0.004048594467694344
10, 96, 0.004041860434507938
10, 97, 0.004062436938371161
10, 98, 0.004270472643018386
10, 99, 0.0037509111692819452
10, 100, 0.0036927996270593733
10, 101, 0.0036495897579649217
10, 102, 0.0036360915657532855
10, 103, 0.0036199987276614998
10, 104, 0.0036044609603947952
10, 105, 0.003595822318087083
10, 106, 0.003592957417282716
10, 107, 0.003611105851009877
10, 108, 0.0036298343351496287
10, 109, 0.004125741726544452
11, 0, 0.0015224379855492964
11, 1, 0.0015959802652991684
11, 2, 0.0016010950238709576
11, 3, 0.0016617931546373255
11, 4, 0.0016115394506041048
11, 5, 0.0015944444507889344
11, 6, 0.0016113160394526371
11, 7, 0.0016168363532947927
11, 8, 0.0016151762390007596
11, 9, 0.0016479736499667164
11, 10, 0.0023670795693699898
11, 11, 0.0
11, 12, 4.857569904959114e-05
11, 13, 6.312570436628473e-05
11, 14, 0.00010639349277641319
11, 15, 0.00013429058939840033
11, 16, 0.00014156824689048886
11, 17, 0.0001437669362606142
11, 18, 0.0001476454443092301
11, 19, 0.0001703539318831382
11, 20, 0.0001923661911176211
11, 21, 0.00021043622376737403
11, 22, 0.0013107524978926977
11, 23, 0.0013427896087145896
11, 24, 0.001377115767648207
11, 25, 0.0013853728318437009
11, 26, 0.0014068453317641616
11, 27, 0.0014222950012732216
11, 28, 0.0014346265796626456
11, 29, 0.001467651051167751
11, 30, 0.0014569141235266647
11, 31, 0.0016004665138997787
11, 32, 0.0014879458785299615
11, 33, 0.00019150137636791964
11, 34, 0.00023846274977346038
11, 35, 0.0004221982982791639
11, 36, 0.00029892204443082715
11, 37, 0.0002746643030083762
11, 38, 0.0002768938713573199
11, 39, 0.00028374476488135514
11, 40, 0.00028848877050269284
11, 41, 0.0002826258149486449
11, 42, 0.000360074845485725
11, 43, 0.0005553388353303212
11, 44, 0.0019787075488757466
11, 45, 0.0019741292397902344
11, 46, 0.0019827875997158184
11, 47, 0.0020038471197926233
11, 48, 0.002031950052908349
11, 49, 0.002063271643404474
11, 50, 0.0020784420589949892
11, 51, 0.002082043211883766
11, 52, 0.0020939354446438685
11, 53, 0.0021415453169928433
11, 54, 0.002370637251549512
11, 55, 0.0021261366363051204
11, 56, 0.0020315752339129522
11, 57, 0.0018941330125659128
11, 58, 0.001949609630575777
11, 59, 0.0019839790322773165
11, 60, 0.0019791298722511286
11, 61, 0.0019805964558660127
11, 62, 0.002005953141917316
11, 63, 0.0020921321968863094
11, 64, 0.003247705758522512
11, 65, 0.020212738624527993
11, 66, 0.0026936173738085767
11, 67, 0.0027061990093503185
11, 68, 0.002738178159307436
11, 69, 0.0027863679595131474
11, 70, 0.0028016781260308266
11, 71, 0.0027968441359998986
11, 72, 0.0027881694890428133
11, 73, 0.002777597744635707
11, 74, 0.002761061376026608
11, 75, 0.002805056141381268
11, 76, 0.003113927692249052
11, 77, 0.00231854268408882
11, 78, 0.0023318207373815847
11, 79, 0.0023585089753791477
11, 80, 0.002386929633107937
11, 81, 0.0024092514046600844
11, 82, 0.0024176900818221325
11, 83, 0.0024202350149137297
11, 84, 0.0024334872666049723
11, 85, 0.0024759732915592414
11, 86, 0.002504516108399857
11, 87, 0.002697497992518727
11, 88, 0.00293842810828282
11, 89, 0.0029549751358644016
11, 90, 0.0029326167668616288
11, 91, 0.0029556960937963117
11, 92, 0.0029750118361325795
11, 93, 0.002972868483630542
11, 94, 0.002968906644727376
11, 95, 0.0029602070940496494
11, 96, 0.0029494365559874502
11, 97, 0.0030758680911945335
11, 98, 0.0035806759204040084
11, 99, 0.002298807641850975
11, 100, 0.0023091875280621954
11, 101, 0.0023316034688604104
11, 102, 0.0023645585496574473
11, 103, 0.0023841254731737926
11, 104, 0.0023876204511477095
11, 105, 0.002386462785685328
11, 106, 0.0023856232018241164
11, 107, 0.0023860340378975
11, 108, 0.002380735238478371
11, 109, 0.0032154568897762026
12, 0, 0.001589955370107643
12, 1, 0.0016895513240942073
12, 2, 0.0016229864882839617
12, 3, 0.0016824591679476253
12, 4, 0.0015960503753446043
12, 5, 0.0015525048113839146
12, 6, 0.0015586155318239037
12, 7, 0.0015611095152152643
12, 8, 0.0015587982888238816
12, 9, 0.0015903413834335023
12, 10, 0.0023118166928320916
12, 11, 4.857569904959114e-05
12, 12, 0.0
12, 13, 1.1759324083260303e-05
12, 14, 3.4921925147424204e-05
12, 15, 6.245080457634167e-05
12, 16, 7.125985845468641e-05
12, 17, 7.38687256763848e-05
12, 18, 7.773520649867471e-05
12, 19, 0.00010032478052823812
12, 20, 0.00012227038236711785
12, 21, 0.00014065068383650736
12, 22, 0.0013525370569686945
12, 23, 0.0013286031418499045
12, 24, 0.0013263298125449907
12, 25, 0.0013283847555901618
12, 26, 0.0013379054472187901
12, 27, 0.001351332385855053
12, 28, 0.001363757093786666
12, 29, 0.0013950596342849897
12, 30, 0.0013811644090935271
12, 31, 0.001523197942874699
12, 32, 0.0014121945042219197
12, 33, 0.0002411897883718428
12, 34, 0.0003092600758068942
12, 35, 0.0004508216219007988
12, 36, 0.0002760252076721148
12, 37, 0.00023231357021236132
12, 38, 0.0002280372731332525
12, 39, 0.00022236484732052197
12, 40, 0.00022213445201701987
12, 41, 0.00020907502480971285
12, 42, 0.0002850127530712454
12, 43, 0.0004805296992338448
12, 44, 0.002014335700677994
12, 45, 0.0019711781521174476
12, 46, 0.0019415837762607469
12, 47, 0.0019524702930548976
12, 48, 0.0019720878694153843
12, 49, 0.001996302121013538
12, 50, 0.0020074065913479044
12, 51, 0.002009695340145612
12, 52, 0.002021480764974881
12, 53, 0.002069367206926631
12, 54, 0.0022997854087287717
12, 55, 0.0021537309897586843
12, 56, 0.0020190614098783977
12, 57, 0.0018966510500848521
12, 58, 0.0018957401131617369
12, 59, 0.0019150126784078791
12, 60, 0.0019071788942270906
12, 61, 0.001908667492055871
12, 62, 0.0019324373273866824
12, 63, 0.0020182454860236954
12, 64, 0.0031703261429223417
12, 65, 0.020098281623983527
12, 66, 0.002722293778283591
12, 67, 0.0027022979799821156
12, 68, 0.002693375650823948
12, 69, 0.0027318536546008243
12, 70, 0.0027397025126598695
12, 71, 0.0027292569007335565
